0 0 356.462742 380
1 11.25 359.857176 390 
2 22.5 356.462742 400
3 33.75 353.531381 410
4 45 356.462742 420
5 56.25 359.857176 410
6 67.5 356.462742 400
7 78.75 353.531381 390
8 90 356.462742 380
9 101.25 359.857176 390 
10 112.5 356.462742 400
11 123.75 353.531381 410
12 135 356.462742 420
13 146.25 359.857176 410
14 157.5 356.462742 400
15 168.75 353.531381 390
16 180 356.462742 380
17 191.25 359.857176 390
18 202.5 356.462742 400
19 213.75 353.531381 410
20 225 356.462742 420
21 236.25 359.857176 410
22 247.5 356.462742 400
23 258.75 353.531381 390
24 270 356.462742 380
25 281.25 359.857176 390
26 292.5 356.462742 400
27 303.75 353.531381 410
28 315 356.462742 420
29 326.25 359.857176 410
30 337.5 356.462742 400
31 348.75 353.531381 390
32 360 356.462742 380