5
80 0.01003 3e-05 0.00985 
10
160 0.051253 5.7e-05 0.051023 
15
240 0.17658 0.000207 0.176131 
20
320 0.406373 0.000721 0.405362 
25
400 0.793896 0.001074 0.792331 
30
480 1.37004 0.00049 1.3691 
35
560 2.17142 0.000846 2.17007 
40
640 3.24676 0.001352 3.24483 
45
720 4.61999 0.001621 4.61773 
50
800 6.3414 0.00189 6.3388 
55
880 8.44065 0.002488 8.43741 
60
960 10.9779 0.002858 10.9743 
65
1040 13.9558 0.003295 13.9516 
70
1120 17.465 0.003833 17.4603 
75
1200 21.469 0.004675 21.4633 
80
1280 26.0666 0.00505 26.0605 
85
1360 31.3039 0.005763 31.2971 
90
1440 37.2199 0.006558 37.2122 
95
1520 43.6994 0.006408 43.6918 
100
1600 51.017 0.007953 51.0078 
