8 120 0.028125 0.000129 0.027762 
16 240 0.174438 0.000183 0.17401 
24 360 0.581521 0.000275 0.580914 
32 480 1.37022 0.001614 1.36806 
40 600 2.67148 0.00097 2.66997 
48 720 4.62446 0.001651 4.62216 
56 840 7.35094 0.002352 7.34785 
64 960 10.9699 0.002563 10.9665 
72 1080 15.6593 0.003343 15.655 
80 1200 21.5065 0.004249 21.5013 
88 1320 28.6359 0.005195 28.6296 
96 1440 37.14 0.006456 37.1324 
104 1560 47.4609 0.006948 47.4527 
112 1680 59.182 0.008089 59.1726 
120 1800 72.8172 0.009612 72.8062 
128 1920 88.3787 0.010783 88.3664 
136 2040 106.617 0.014179 106.601 
144 2160 126.223 0.013265 126.208 
152 2280 147.907 0.015448 147.89 
160 2400 172.582 0.017238 172.563 
168 2520 199.699 0.017544 199.68 
176 2640 229.781 0.020854 229.758 
