100 0.016603 0.016295 0.000156 
150 0.029773 0.02931 0.000295 
200 0.073018 0.07236 0.000473 
250 0.135531 0.134613 0.000707 
300 0.233985 0.232746 0.001001 
350 0.379343 0.377597 0.001432 
400 0.574575 0.572314 0.001872 
450 1.08584 1.08204 0.003229 
500 1.50709 1.50253 0.003925 
550 2.00779 2.00242 0.004682 
600 2.60329 2.597 0.005555 
650 3.31175 3.30448 0.006497 
700 4.13716 4.12879 0.007548 
750 5.08244 5.07292 0.008623 
800 6.17165 6.16086 0.00982 
850 7.41662 7.40453 0.011057 
900 8.7953 8.78182 0.012411 
950 10.3441 10.3291 0.013846 
1000 12.0753 12.0587 0.015435 
1050 13.9854 13.9672 0.016912 
100 0.012196 2.9e-05 0.012012 
150 0.04023 5.5e-05 0.039993 
200 0.094722 8e-05 0.094399 
250 0.184269 0.000112 0.183868 
300 0.317668 0.000146 0.317189 
350 0.504021 0.000187 0.503442 
400 0.754866 0.000226 0.754001 
450 1.07645 0.000278 1.07562 
500 1.47583 0.000349 1.47486 
550 1.95287 0.000434 1.95176 
600 2.53711 0.000549 2.53581 
650 3.22377 0.000662 3.22231 
700 4.02717 0.000794 4.02553 
750 4.95314 0.000943 4.95129 
800 6.03232 0.001077 6.03027 
850 7.21353 0.001218 7.21127 
900 8.55973 0.00136 8.55728 
950 10.0764 0.001545 10.0737 
1000 11.7563 0.001693 11.7534 
1050 13.618 0.001865 13.6149 
