100 0.016603 0.016295 0.000156 
150 0.029773 0.02931 0.000295 
200 0.073018 0.07236 0.000473 
250 0.135531 0.134613 0.000707 
300 0.233985 0.232746 0.001001 
350 0.379343 0.377597 0.001432 
400 0.574575 0.572314 0.001872 
450 1.08584 1.08204 0.003229 
500 1.50709 1.50253 0.003925 
550 2.00779 2.00242 0.004682 
600 2.60329 2.597 0.005555 
650 3.31175 3.30448 0.006497 
700 4.13716 4.12879 0.007548 
750 5.08244 5.07292 0.008623 
800 6.17165 6.16086 0.00982 
850 7.41662 7.40453 0.011057 
900 8.7953 8.78182 0.012411 
950 10.3441 10.3291 0.013846 
1000 12.0753 12.0587 0.015435 
1050 13.9854 13.9672 0.016912 
