100 0.012196 2.9e-05 0.012012 
150 0.04023 5.5e-05 0.039993 
200 0.094722 8e-05 0.094399 
250 0.184269 0.000112 0.183868 
300 0.317668 0.000146 0.317189 
350 0.504021 0.000187 0.503442 
400 0.754866 0.000226 0.754001 
450 1.07645 0.000278 1.07562 
500 1.47583 0.000349 1.47486 
550 1.95287 0.000434 1.95176 
600 2.53711 0.000549 2.53581 
650 3.22377 0.000662 3.22231 
700 4.02717 0.000794 4.02553 
750 4.95314 0.000943 4.95129 
800 6.03232 0.001077 6.03027 
850 7.21353 0.001218 7.21127 
900 8.55973 0.00136 8.55728 
950 10.0764 0.001545 10.0737 
1000 11.7563 0.001693 11.7534 
1050 13.618 0.001865 13.6149 
